0	-97.878616	0.000005	150.943390
1	-96.329597	0.000008	251.572327
2	-96.329597	0.000008	452.830170
3	-96.015511	0.000008	402.515717
4	-96.787170	0.000007	201.257858
5	-98.370796	0.000005	50.314465
6	-97.578987	0.000006	100.628929
7	-96.329597	0.000008	251.572327
8	-96.329597	0.000008	201.257858
9	-97.165062	0.000006	100.628929
10	-96.668182	0.000007	301.886780
11	-96.222359	0.000008	251.572327
12	-96.222359	0.000008	251.572327
13	-96.015511	0.000008	201.257858
14	-96.668182	0.000007	201.257858
15	-96.439552	0.000007	0.000000
16	-96.552361	0.000007	150.943390
17	-96.668182	0.000007	201.257858
18	-95.448235	0.000009	301.886780
19	-96.787170	0.000007	150.943390
20	-97.436584	0.000006	100.628929
21	-96.329597	0.000008	301.886780
22	-97.165062	0.000006	50.314465
23	-97.726219	0.000006	100.628929
24	-97.165062	0.000006	50.314465
25	-98.036560	0.000005	201.257858
26	-96.552361	0.000007	251.572327
27	-96.329597	0.000008	352.201263
28	-95.915672	0.000008	553.459106
29	-96.787170	0.000007	201.257858
30	-97.165062	0.000006	150.943390
31	-98.036560	0.000005	50.314465
32	-97.878616	0.000005	50.314465
33	-95.360497	0.000010	402.515717
34	-97.436584	0.000006	100.628929
35	-96.668182	0.000007	201.257858
36	-96.117706	0.000008	251.572327
37	-96.329597	0.000008	301.886780
38	-96.117706	0.000008	150.943390
39	-96.329597	0.000008	201.257858
40	-96.787170	0.000007	150.943390
41	-96.668182	0.000007	50.314465
42	-96.552361	0.000007	150.943390
43	-95.915672	0.000008	251.572327
44	-96.552361	0.000007	201.257858
45	-96.439552	0.000007	201.257858
46	-96.668182	0.000007	201.257858
47	-97.035408	0.000006	201.257858
48	-97.035408	0.000006	50.314465
49	-97.878616	0.000005	50.314465
50	-97.035408	0.000006	251.572327
51	-98.036560	0.000005	50.314465
52	-96.439552	0.000007	251.572327
53	-96.552361	0.000007	452.830170
54	-95.537788	0.000009	452.830170
55	-96.909515	0.000007	201.257858
56	-98.200462	0.000005	100.628929
57	-97.578987	0.000006	100.628929
58	-97.298698	0.000006	150.943390
59	-95.915672	0.000008	251.572327
60	-96.787170	0.000007	150.943390
61	-97.035408	0.000006	201.257858
62	-96.117706	0.000008	352.201263
63	-95.915672	0.000008	251.572327
64	-96.015511	0.000008	201.257858
65	-97.298698	0.000006	100.628929
66	-96.222359	0.000008	100.628929
67	-96.117706	0.000008	150.943390
68	-97.035408	0.000006	201.257858
69	-94.946571	0.000010	301.886780
70	-98.200462	0.000005	50.314465
71	-96.552361	0.000007	150.943390
72	-96.552361	0.000007	251.572327
73	-97.165062	0.000006	150.943390
74	-98.036560	0.000005	100.628929
75	-96.909515	0.000007	50.314465
76	-97.436584	0.000006	201.257858
77	-97.436584	0.000006	150.943390
78	-96.329597	0.000008	251.572327
79	-95.818077	0.000009	503.144653
80	-96.552361	0.000007	352.201263
81	-97.035408	0.000006	100.628929
82	-98.036560	0.000005	100.628929
83	-97.578987	0.000006	50.314465
84	-95.629219	0.000009	402.515717
85	-97.726219	0.000006	50.314465
86	-96.439552	0.000007	201.257858
87	-96.329597	0.000008	251.572327
88	-96.909515	0.000007	201.257858
89	-95.537788	0.000009	301.886780
90	-96.439552	0.000007	201.257858
91	-96.668182	0.000007	150.943390
92	-96.668182	0.000007	0.000000
93	-96.329597	0.000008	201.257858
94	-96.668182	0.000007	201.257858
95	-95.722618	0.000009	251.572327
96	-96.909515	0.000007	150.943390
97	-96.787170	0.000007	150.943390
98	-96.668182	0.000007	251.572327
99	-96.787170	0.000007	100.628929
100	-98.548088	0.000005	50.314465
101	-97.298698	0.000006	100.628929
102	-97.298698	0.000006	201.257858
103	-96.668182	0.000007	201.257858
104	-96.552361	0.000007	452.830170
105	-95.629219	0.000009	503.144653
106	-96.787170	0.000007	150.943390
107	-97.878616	0.000005	150.943390
108	-97.878616	0.000005	50.314465
109	-97.298698	0.000006	201.257858
110	-95.537788	0.000009	251.572327
111	-97.035408	0.000006	150.943390
112	-96.668182	0.000007	201.257858
113	-96.329597	0.000008	301.886780
114	-96.329597	0.000008	251.572327
115	-96.015511	0.000008	150.943390
116	-96.668182	0.000007	150.943390
117	-96.329597	0.000008	150.943390
118	-96.668182	0.000007	100.628929
119	-96.552361	0.000007	251.572327
120	-95.537788	0.000009	150.943390
121	-97.298698	0.000006	201.257858
122	-96.668182	0.000007	150.943390
123	-96.668182	0.000007	251.572327
124	-97.035408	0.000006	150.943390
125	-97.436584	0.000006	50.314465
126	-97.165062	0.000006	100.628929
127	-97.035408	0.000006	201.257858
128	-97.878616	0.000005	150.943390
129	-96.329597	0.000008	251.572327
130	-96.329597	0.000008	452.830170
131	-96.015511	0.000008	402.515717
132	-96.787170	0.000007	201.257858
133	-98.370796	0.000005	50.314465
134	-97.578987	0.000006	100.628929
135	-96.329597	0.000008	251.572327
136	-96.329597	0.000008	201.257858
137	-97.165062	0.000006	100.628929
138	-96.668182	0.000007	301.886780
139	-96.222359	0.000008	251.572327
140	-96.222359	0.000008	251.572327
141	-96.015511	0.000008	201.257858
142	-96.668182	0.000007	201.257858
143	-96.439552	0.000007	0.000000
144	-96.552361	0.000007	150.943390
145	-96.552361	0.000007	201.257858
146	-46.956795	0.003395	2113.207520
147	-46.970341	0.003607	1911.949707
148	-49.164017	0.002481	2817.610107
149	-49.777943	0.002624	2062.893066
150	-42.820812	0.005257	4880.502930
151	-48.418606	0.003008	2918.239014
152	-50.638321	0.002286	3069.182373
153	-51.320160	0.002078	3974.842773
154	-51.091724	0.002214	3270.440186
155	-50.863659	0.002159	2767.295654
156	-51.402443	0.001846	2213.836426
157	-53.712265	0.001295	4075.471680
158	-51.584324	0.001937	1911.949707
159	-51.454872	0.001937	2566.037598
160	-51.818512	0.001694	3069.182373
161	-51.767082	0.001885	2062.893066
162	-51.677155	0.001881	1811.320679
163	-51.554363	0.001992	2163.521973
164	-51.626270	0.001939	2364.779785
165	-51.442955	0.001897	2213.836426
166	-51.045029	0.002061	3320.754639
167	-51.339870	0.001883	2163.521973
168	-50.194107	0.002419	1962.264160
169	-51.918140	0.001814	2314.465332
170	-49.394577	0.002525	1660.377319
171	-51.388710	0.001901	3069.182373
172	-51.037483	0.002002	2566.037598
173	-51.732868	0.001737	2465.408691
174	-50.974751	0.002192	2113.207520
175	-52.492836	0.001574	2867.924561
176	-53.052380	0.001412	3974.842773
177	-52.010693	0.001797	3018.867920
178	-51.314976	0.002052	2666.666504
179	-53.120247	0.001458	3270.440186
180	-53.500416	0.001350	3220.125732
181	-53.333294	0.001347	1911.949707
182	-52.079460	0.001697	2566.037598
183	-54.099854	0.001189	3723.270264
184	-52.526985	0.001613	2867.924561
185	-51.213333	0.001925	3371.069092
186	-49.929623	0.002399	2062.893066
187	-51.076706	0.001932	2566.037598
188	-52.140221	0.001748	2415.094238
189	-52.654293	0.001575	3522.012451
190	-51.782810	0.001823	1559.748413
191	-52.420227	0.001660	3119.496826
192	-51.216942	0.001870	2767.295654
193	-51.475857	0.001822	2213.836426
194	-51.714970	0.001873	2465.408691
195	-52.203533	0.001738	3371.069092
196	-49.739082	0.002418	2012.578613
197	-46.421703	0.003751	2012.578613
198	-50.017269	0.002457	2415.094238
199	-51.376640	0.002063	2867.924561
200	-51.521420	0.001971	2767.295654
201	-50.244278	0.002345	2364.779785
202	-52.609066	0.001586	3572.326904
203	-51.303120	0.001911	3522.012451
204	-50.362068	0.002286	2314.465332
205	-52.153214	0.001737	3169.811279
206	-51.419483	0.001997	1610.062866
207	-50.109375	0.002409	1710.691772
208	-51.457012	0.001910	2465.408691
209	-50.368404	0.002352	2616.352051
210	-53.654049	0.001320	3471.697998
211	-53.282784	0.001378	3572.326904
212	-53.708092	0.001320	3169.811279
213	-51.563503	0.001863	3018.867920
214	-50.807430	0.002222	1610.062866
215	-51.289490	0.001932	2616.352051
216	-52.684669	0.001529	3270.440186
217	-53.232178	0.001468	3974.842773
218	-51.238182	0.002065	2616.352051
219	-50.497715	0.002256	1761.006226
220	-52.818489	0.001561	3672.955811
221	-53.008598	0.001464	3471.697998
222	-53.798168	0.001274	2616.352051
223	-51.828705	0.001860	2415.094238
224	-50.976768	0.002172	1761.006226
225	-55.422230	0.000924	2515.723145
226	-51.979279	0.001793	2163.521973
227	-52.514328	0.001671	3522.012451
228	-52.693916	0.001581	2616.352051
229	-51.057724	0.001968	3371.069092
230	-51.388702	0.002038	2113.207520
231	-51.651291	0.001909	2817.610107
232	-53.217445	0.001434	3220.125732
233	-51.931351	0.001778	3169.811279
234	-52.737251	0.001534	2415.094238
235	-54.615368	0.001002	3522.012451
236	-50.069714	0.002459	1308.176025
237	-50.001205	0.002442	1761.006226
238	-41.144245	0.006054	3018.867920
239	-28.457506	0.031178	3974.842773
240	-21.213285	0.068368	5283.018555
241	-19.044254	0.083199	5685.534668
242	-16.542183	0.117139	6389.937012
243	-10.102783	0.254225	6842.767090
244	-10.621459	0.238978	6540.880371
245	-9.296232	0.277105	6641.509277
246	-10.813210	0.208187	6088.050293
247	-16.528549	0.125831	5987.421387
248	-15.982673	0.126165	6440.251465
249	-18.354073	0.096751	6037.735840
250	-12.874262	0.133456	1761.006226
251	-7.566909	0.357225	402.515717
252	-7.455344	0.358047	452.830170
253	-8.347914	0.329825	402.515717
254	-8.170261	0.323174	553.459106
255	-7.778139	0.350922	503.144653
256	-7.517925	0.359039	503.144653
257	-7.502219	0.356548	503.144653
258	-7.834694	0.325325	603.773560
259	-8.141918	0.311891	452.830170
260	-7.703352	0.351364	452.830170
261	-10.430875	0.256204	452.830170
262	-15.861901	0.128416	503.144653
263	-20.206078	0.081894	452.830170
264	-18.566946	0.096064	503.144653
265	-18.748081	0.093211	352.201263
266	-19.453993	0.090361	251.572327
267	-19.135622	0.095865	150.943390
268	-22.671843	0.067085	150.943390
269	-23.763500	0.051616	301.886780
270	-26.183891	0.036170	251.572327
271	-27.910700	0.031739	301.886780
272	-26.726408	0.039876	150.943390
273	-28.291504	0.033742	150.943390
274	-25.267044	0.048515	100.628929
275	-25.528410	0.048261	150.943390
276	-33.714119	0.015812	402.515717
277	-37.610168	0.010652	251.572327
278	-37.642345	0.010418	301.886780
279	-36.786480	0.013053	251.572327
280	-39.564671	0.008703	402.515717
281	-42.335762	0.006520	402.515717
282	-43.835907	0.005189	905.660339
283	-47.004230	0.003666	905.660339
284	-46.323799	0.003985	1056.603760
285	-50.087215	0.002623	1257.861572
286	-48.384579	0.002939	1056.603760
287	-53.870556	0.001551	1459.119507
288	-52.280453	0.001925	1559.748413
289	-56.543800	0.001140	1358.490601
290	-55.511238	0.001336	1408.805054
291	-60.918488	0.000619	3270.440186
292	-57.792633	0.001029	1358.490601
293	-60.846687	0.000640	2364.779785
294	-59.074505	0.000871	1761.006226
295	-60.319515	0.000654	1710.691772
296	-59.758801	0.000724	1710.691772
297	-61.290432	0.000560	1861.635132
298	-60.876003	0.000629	1861.635132
299	-61.352840	0.000593	2616.352051
300	-62.419807	0.000468	3572.326904
301	-62.041653	0.000530	3018.867920
302	-61.607338	0.000572	2817.610107
303	-61.431770	0.000553	2113.207520
304	-59.119949	0.000819	2465.408691
305	-60.105076	0.000636	2566.037598
306	-58.501328	0.000945	1157.232666
307	-43.219849	0.005444	100.628929
308	-32.908096	0.019088	150.943390
309	-32.487362	0.021038	150.943390
310	-32.948101	0.020218	150.943390
311	-26.330704	0.043030	150.943390
312	-23.888218	0.056525	150.943390
313	-27.325781	0.037685	150.943390
314	-35.867802	0.013350	201.257858
315	-19.519999	0.077232	503.144653
316	-16.165524	0.129946	503.144653
317	-18.304716	0.102940	603.773560
318	-17.775887	0.105169	553.459106
319	-18.835590	0.092098	553.459106
320	-19.237082	0.088381	654.088013
321	-22.079851	0.064592	402.515717
322	-21.180777	0.072112	201.257858
323	-23.532639	0.051021	352.201263
324	-18.826719	0.090728	251.572327
325	-20.770235	0.073421	251.572327
326	-19.422087	0.085469	201.257858
327	-18.267544	0.101016	150.943390
328	-18.321011	0.090330	452.830170
329	-13.789981	0.151817	603.773560
330	-11.873991	0.178606	553.459106
331	-11.986778	0.185254	905.660339
332	-11.724227	0.189880	1006.289307
333	-10.663107	0.219709	855.345886
334	-12.836039	0.166296	955.974854
335	-18.405493	0.096827	301.886780
336	-22.192793	0.065151	402.515717
337	-22.862038	0.055860	452.830170
338	-29.140295	0.030228	251.572327
339	-33.330360	0.017920	503.144653
340	-32.654778	0.017650	2364.779785
341	-35.242653	0.014312	3371.069092
342	-36.479107	0.012301	3220.125732
343	-35.151264	0.013993	3723.270264
344	-33.808384	0.016421	3471.697998
345	-34.281628	0.015290	3018.867920
346	-37.782467	0.010058	3220.125732
347	-39.138390	0.008593	2515.723145
348	-28.122440	0.032023	352.201263
349	-16.087053	0.131826	402.515717
350	-15.401351	0.140988	452.830170
351	-17.917009	0.094856	603.773560
352	-17.430742	0.107072	805.031433
353	-17.878736	0.107029	503.144653
354	-17.905523	0.100669	704.402527
355	-19.871393	0.085498	452.830170
356	-19.221056	0.082034	603.773560
357	-18.923117	0.094455	251.572327
358	-20.575600	0.081667	251.572327
359	-24.289093	0.053706	150.943390
360	-29.082748	0.030009	150.943390
361	-35.076763	0.015191	251.572327
362	-29.240452	0.020570	654.088013
363	-21.363920	0.064213	1610.062866
364	-16.386889	0.122296	603.773560
365	-13.070351	0.191266	503.144653
366	-9.511582	0.276375	603.773560
367	-11.622575	0.215127	553.459106
368	-13.342246	0.163717	905.660339
369	-17.899027	0.103136	503.144653
370	-21.262917	0.069214	251.572327
371	-20.938559	0.071148	201.257858
372	-20.205107	0.071584	503.144653
373	-20.499912	0.072544	352.201263
374	-15.237313	0.131172	1006.289307
375	-15.182981	0.123003	855.345886
376	-14.688615	0.134607	654.088013
377	-14.087374	0.140965	905.660339
378	-14.967284	0.132836	704.402527
379	-15.585351	0.131706	603.773560
380	-14.933084	0.138749	553.459106
381	-13.648531	0.154954	805.031433
382	-15.532272	0.132271	452.830170
383	-18.052670	0.101086	754.716980
384	-22.821938	0.065648	201.257858
385	-21.636370	0.069947	352.201263
386	-25.591976	0.046963	150.943390
387	-31.566492	0.022759	251.572327
388	-36.385651	0.013676	201.257858
389	-40.859032	0.007974	100.628929
390	-44.842255	0.004908	352.201263
391	-51.029564	0.002349	402.515717
392	-34.042320	0.010465	2163.521973
393	-39.268955	0.007211	3371.069092
394	-45.762314	0.004111	3622.641357
395	-51.663040	0.002053	3018.867920
396	-55.806923	0.001215	3471.697998
397	-56.998257	0.001158	2163.521973
398	-58.425762	0.000877	2213.836426
399	-60.657745	0.000627	3773.584961
400	-61.907585	0.000445	1610.062866
401	-58.078148	0.000945	2767.295654
402	-60.476402	0.000582	2566.037598
403	-57.748543	0.000979	1660.377319
404	-59.449940	0.000675	1761.006226
405	-58.482197	0.000846	2968.553467
406	-57.951080	0.000823	1408.805054
407	-55.591682	0.001365	1811.320679
408	-58.140118	0.000915	1911.949707
409	-57.519863	0.000961	2113.207520
410	-57.839321	0.000934	2213.836426
411	-58.104012	0.000883	3169.811279
412	-59.722153	0.000654	2113.207520
413	-55.355576	0.001451	1559.748413
414	-57.769352	0.000957	2415.094238
415	-57.547440	0.000964	2163.521973
416	-57.385994	0.000941	1408.805054
417	-57.118511	0.001035	2666.666504
418	-56.885685	0.001110	1358.490601
419	-57.925541	0.000886	3320.754639
420	-55.946976	0.001265	1509.433960
421	-58.565948	0.000768	2918.239014
422	-55.672054	0.001267	2314.465332
423	-57.907314	0.000890	3421.383545
424	-56.573685	0.000998	1660.377319
425	-57.760559	0.000912	3069.182373
426	-56.931450	0.001067	1610.062866
427	-57.693932	0.000936	2968.553467
428	-59.201691	0.000625	2213.836426
429	-57.432186	0.000930	2213.836426
430	-55.138153	0.001370	1308.176025
431	-57.149490	0.000955	1559.748413
432	-57.996101	0.000836	4025.157227
433	-56.194748	0.001074	2616.352051
434	-56.793911	0.000882	2867.924561
435	-57.152550	0.000806	3823.899414
436	-55.227364	0.001163	3069.182373
437	-54.213848	0.001391	2062.893066
438	-53.372658	0.001591	2867.924561
439	-55.096317	0.001081	2616.352051
440	-47.104446	0.002810	2163.521973
441	-27.904655	0.026935	955.974854
442	-22.088606	0.059792	1157.232666
443	-12.187569	0.200392	251.572327
444	-9.935180	0.255946	352.201263
445	-9.616104	0.268780	553.459106
446	-9.210234	0.294452	452.830170
447	-9.356099	0.280896	654.088013
448	-9.548685	0.283509	553.459106
449	-8.402110	0.318923	654.088013
450	-9.348163	0.290705	452.830170
451	-14.646300	0.156945	603.773560
452	-17.837620	0.100497	2062.893066
453	-12.451459	0.189725	4779.874023
454	-16.232948	0.121641	4880.502930
455	-21.525669	0.063354	4830.188477
456	-29.174152	0.027910	4729.559570
457	-31.920971	0.020587	3874.213867
458	-34.350143	0.014936	4880.502930
459	-39.547665	0.008408	4528.301758
460	-27.321667	0.027919	4075.471680
461	-28.729525	0.028747	3823.899414
462	-28.978123	0.026233	3018.867920
463	-12.428858	0.174297	503.144653
464	-9.964121	0.258171	301.886780
465	-7.813276	0.335555	452.830170
466	-7.896352	0.334068	452.830170
467	-11.035101	0.236495	352.201263
468	-15.379007	0.135553	503.144653
469	-12.555477	0.174925	503.144653
470	-12.281998	0.182514	553.459106
471	-13.379079	0.168048	352.201263
472	-9.470469	0.254011	754.716980
473	-8.731106	0.285557	1157.232666
474	-11.201178	0.219063	855.345886
475	-11.159678	0.202536	1056.603760
476	-9.857129	0.247911	754.716980
477	-10.786489	0.229979	704.402527
478	-12.070695	0.206034	553.459106
479	-16.309046	0.132716	553.459106
480	-19.234318	0.089358	352.201263
481	-22.781908	0.053690	452.830170
482	-26.617310	0.038390	301.886780
483	-24.191536	0.045131	452.830170
484	-15.219622	0.126958	251.572327
485	-11.219767	0.213386	402.515717
486	-10.783542	0.218308	805.031433
487	-9.806118	0.238764	754.716980
488	-11.950571	0.206932	553.459106
489	-14.933421	0.151972	452.830170
490	-16.897177	0.118810	352.201263
491	-17.935225	0.107394	402.515717
492	-17.965611	0.105574	150.943390
493	-16.848640	0.128366	150.943390
494	-17.436802	0.110378	150.943390
495	-18.423422	0.101838	150.943390
496	-21.720228	0.070530	201.257858
497	-21.712109	0.063358	100.628929
498	-24.923937	0.049726	150.943390
499	-32.049198	0.022021	352.201263
500	-33.387722	0.017666	1911.949707
501	-33.785435	0.016212	3220.125732
502	-31.465261	0.021244	4578.616211
503	-29.088991	0.029357	5283.018555
504	-25.069342	0.043502	5584.905762
505	-31.393480	0.019320	4176.100586
506	-35.392738	0.013174	3924.528320
507	-31.379562	0.019857	2163.521973
508	-16.754866	0.109521	805.031433
509	-10.851977	0.208101	654.088013
510	-10.779393	0.210389	855.345886
511	-11.930116	0.190455	805.031433
512	-10.436864	0.218495	855.345886
513	-10.126969	0.226489	704.402527
514	-10.836150	0.213021	805.031433
515	-9.703028	0.245044	855.345886
516	-11.186875	0.194506	855.345886
517	-15.844383	0.116787	855.345886
518	-16.902405	0.113776	603.773560
519	-18.683680	0.093632	503.144653
520	-21.542309	0.067065	452.830170
521	-19.961304	0.078860	855.345886
522	-17.155590	0.111807	503.144653
523	-15.928832	0.133493	452.830170
524	-17.711721	0.109762	503.144653
525	-20.266504	0.074648	553.459106
526	-22.132002	0.057802	402.515717
527	-20.970461	0.067974	503.144653
528	-24.080936	0.047234	603.773560
529	-25.889753	0.044661	100.628929
530	-29.564455	0.029465	150.943390
531	-36.136665	0.012594	1761.006226
532	-41.506756	0.006887	3924.528320
533	-40.967052	0.007280	5283.018555
534	-42.566353	0.006232	6088.050293
535	-42.025681	0.006170	5937.106934
536	-40.087963	0.007618	6339.622559
537	-42.826904	0.005775	5534.591309
538	-45.382462	0.004229	5735.849121
539	-48.488663	0.003004	5635.220215
540	-48.389763	0.002959	5132.075195
541	-52.034344	0.002005	5735.849121
542	-55.654854	0.001242	4779.874023
543	-58.345802	0.000920	2465.408691
544	-60.416725	0.000770	2465.408691
545	-62.826149	0.000473	2415.094238
546	-60.990765	0.000696	1911.949707
547	-63.025005	0.000512	2213.836426
548	-62.722149	0.000537	2817.610107
549	-61.279896	0.000636	1257.861572
550	-61.209496	0.000694	1459.119507
551	-61.600498	0.000623	654.088013
552	-63.262562	0.000500	3220.125732
553	-64.770393	0.000364	2465.408691
554	-62.826683	0.000469	1861.635132
555	-63.318268	0.000483	2415.094238
556	-61.681759	0.000633	1257.861572
557	-64.342201	0.000394	2767.295654
558	-62.108627	0.000587	1761.006226
559	-63.789013	0.000432	2716.981201
560	-65.587746	0.000304	2817.610107
561	-63.855881	0.000429	1861.635132
562	-62.145176	0.000555	2113.207520
563	-64.394592	0.000372	1911.949707
564	-63.343578	0.000425	1559.748413
565	-63.300285	0.000487	2364.779785
566	-64.438484	0.000394	2716.981201
567	-61.462887	0.000608	2062.893066
568	-60.961838	0.000746	1559.748413
569	-62.562187	0.000559	2566.037598
570	-63.134426	0.000465	2716.981201
571	-63.341396	0.000485	3069.182373
572	-61.639042	0.000655	1962.264160
573	-62.545982	0.000547	1660.377319
574	-63.478359	0.000459	1710.691772
575	-60.541115	0.000735	1761.006226
576	-60.916615	0.000695	1761.006226
577	-50.276108	0.002267	553.459106
578	-36.072029	0.013133	150.943390
579	-35.742676	0.014564	150.943390
580	-32.244400	0.021782	150.943390
581	-27.394836	0.034320	150.943390
582	-29.436155	0.023948	402.515717
583	-24.349993	0.050761	150.943390
584	-20.941128	0.077432	150.943390
585	-22.156534	0.059886	352.201263
586	-16.684912	0.125311	150.943390
587	-18.435946	0.086875	905.660339
588	-19.127382	0.079387	805.031433
589	-16.304489	0.112557	251.572327
590	-15.062947	0.154793	301.886780
591	-10.228153	0.258101	352.201263
592	-8.320679	0.328132	553.459106
593	-5.466485	0.466920	503.144653
594	-6.862310	0.375839	553.459106
595	-8.394297	0.333881	603.773560
596	-10.361339	0.242852	603.773560
597	-11.276507	0.220314	402.515717
598	-11.023495	0.200677	503.144653
599	-18.629370	0.090621	452.830170
600	-20.128765	0.085040	251.572327
601	-27.279501	0.035148	452.830170
602	-25.270447	0.045934	553.459106
603	-18.514376	0.094595	352.201263
604	-14.046427	0.164795	503.144653
605	-17.655951	0.105865	301.886780
606	-18.914881	0.104229	150.943390
607	-19.518406	0.080688	201.257858
608	-20.109228	0.080686	201.257858
609	-19.990864	0.075540	352.201263
610	-16.974983	0.111768	452.830170
611	-15.162940	0.145051	553.459106
612	-15.154408	0.145612	251.572327
613	-14.858906	0.139763	553.459106
614	-14.416006	0.160376	553.459106
615	-14.433313	0.157249	503.144653
616	-12.812045	0.185296	654.088013
617	-11.701514	0.204068	805.031433
618	-10.604853	0.220300	754.716980
619	-12.268301	0.180976	1056.603760
620	-12.652148	0.185354	955.974854
621	-11.511251	0.198701	905.660339
622	-11.522377	0.201605	704.402527
623	-16.729506	0.116382	503.144653
624	-23.736200	0.052566	503.144653
625	-26.900026	0.034267	754.716980
626	-31.576097	0.021711	654.088013
627	-34.518082	0.014573	754.716980
628	-41.397598	0.006882	955.974854
629	-40.101231	0.008394	2566.037598
630	-24.301819	0.042302	4930.817383
631	-19.851488	0.079546	4628.930664
632	-16.370781	0.122762	3974.842773
633	-16.537567	0.124203	3069.182373
634	-21.864231	0.065653	3421.383545
635	-28.896814	0.027852	3522.012451
636	-28.731518	0.029366	2867.924561
637	-18.635826	0.096606	654.088013
638	-13.423193	0.173503	452.830170
639	-14.593798	0.151755	553.459106
640	-15.771020	0.134200	301.886780
641	-16.825783	0.116668	452.830170
642	-19.247198	0.091547	553.459106
643	-22.518467	0.060001	553.459106
644	-25.389072	0.043316	251.572327
645	-29.413433	0.029792	251.572327
646	-37.923115	0.009780	603.773560
647	-39.287769	0.008420	805.031433
648	-33.279331	0.013710	1358.490601
649	-29.131685	0.025323	1459.119507
650	-25.371059	0.041917	1257.861572
651	-17.589113	0.114445	452.830170
652	-13.879412	0.175616	452.830170
653	-14.136764	0.164688	553.459106
654	-20.328665	0.079905	503.144653
655	-23.876762	0.050356	402.515717
656	-27.543844	0.033524	352.201263
657	-28.765553	0.030006	352.201263
658	-30.054075	0.024016	503.144653
659	-28.178898	0.033637	251.572327
660	-28.760826	0.031452	251.572327
661	-33.893238	0.017591	251.572327
662	-39.363419	0.009322	251.572327
663	-46.629070	0.003827	1006.289307
664	-52.250713	0.001983	1962.264160
665	-56.633202	0.000855	3270.440186
666	-56.957241	0.000869	4477.987305
667	-50.858566	0.002431	855.345886
668	-53.177650	0.001550	2314.465332
669	-53.957462	0.001463	2566.037598
670	-55.896290	0.000975	3270.440186
671	-53.290440	0.001559	1761.006226
672	-51.251415	0.002277	1911.949707
673	-54.614361	0.001231	2113.207520
674	-54.207954	0.001330	3572.326904
675	-54.398499	0.001188	1962.264160
676	-55.671906	0.000969	2767.295654
677	-55.568237	0.000983	4377.358398
678	-51.045502	0.002174	1408.805054
679	-52.766888	0.001634	2716.981201
680	-52.695759	0.001697	2415.094238
681	-52.884045	0.001606	2767.295654
682	-54.021099	0.001320	3069.182373
683	-52.449226	0.001662	2566.037598
684	-51.604939	0.001981	2415.094238
685	-52.579563	0.001588	2616.352051
686	-50.480801	0.002395	1559.748413
687	-52.477859	0.001656	2515.723145
688	-52.633568	0.001636	2767.295654
689	-52.540234	0.001560	2716.981201
690	-52.448570	0.001702	2515.723145
691	-49.489037	0.002653	1106.918213
692	-50.283596	0.002560	1811.320679
693	-49.704533	0.002610	2163.521973
694	-54.577309	0.001089	3471.697998
695	-52.601940	0.001485	3119.496826
696	-53.832657	0.001241	3371.069092
697	-50.892063	0.002058	3220.125732
698	-52.955360	0.001465	2817.610107
699	-49.342152	0.002624	2113.207520
700	-54.303204	0.001164	3522.012451
701	-52.818348	0.001504	3220.125732
702	-51.918961	0.001740	3220.125732
703	-51.402161	0.002056	2566.037598
704	-52.209431	0.001767	3169.811279
705	-53.074787	0.001497	2968.553467
706	-52.327576	0.001690	3421.383545
707	-52.015347	0.001852	3320.754639
708	-52.250751	0.001632	1861.635132
709	-50.859848	0.002282	2415.094238
710	-54.729103	0.001051	4679.245117
711	-50.177677	0.002418	2566.037598
712	-51.936382	0.001835	2918.239014
713	-50.606915	0.002262	1811.320679
714	-51.809891	0.001866	2062.893066
715	-52.902885	0.001559	4025.157227
716	-52.625362	0.001564	3270.440186
717	-49.658878	0.002599	805.031433
718	-51.618343	0.001880	3069.182373
719	-52.972126	0.001506	4025.157227
720	-51.087090	0.002109	2364.779785
721	-52.663776	0.001562	2666.666504
722	-53.376907	0.001270	2867.924561
723	-52.761833	0.001496	3270.440186
724	-50.656059	0.002073	1358.490601
725	-52.154800	0.001722	3220.125732
726	-51.446606	0.001950	2616.352051
727	-53.384720	0.001332	3270.440186
728	-52.049580	0.001754	2415.094238
729	-50.186535	0.002361	1710.691772
730	-51.873013	0.001750	2012.578613
731	-52.416260	0.001668	1962.264160
732	-52.946564	0.001505	2566.037598
733	-52.962101	0.001358	3522.012451
734	-51.903530	0.001866	2264.150879
735	-54.779854	0.001059	3572.326904
736	-51.709927	0.001867	2867.924561
737	-53.549648	0.001337	3371.069092
738	-50.671822	0.002264	1911.949707
739	-49.406300	0.002701	1509.433960
740	-53.658329	0.001216	2566.037598
741	-54.770359	0.001082	5031.446289
742	-53.074017	0.001462	3421.383545
743	-52.990532	0.001494	3169.811279
744	-52.100014	0.001808	2666.666504
745	-54.415627	0.001138	3622.641357
746	-51.826843	0.001895	2968.553467
747	-51.436115	0.001991	1358.490601
748	-52.009010	0.001736	3320.754639
749	-49.999599	0.002553	1257.861572
750	-50.028637	0.002463	1811.320679
751	-50.327793	0.002444	2566.037598
752	-52.833096	0.001580	3924.528320
753	-49.543110	0.002236	3119.496826
754	-22.977074	0.038539	1257.861572
755	-8.805946	0.283564	1207.547119
756	-8.783735	0.287177	1106.918213
757	-10.323723	0.229299	1056.603760
758	-10.951800	0.217462	905.660339
759	-12.447110	0.195708	553.459106
760	-8.895354	0.291173	654.088013
761	-9.452724	0.280798	503.144653
762	-12.996034	0.181132	553.459106
763	-18.144470	0.098641	503.144653
764	-20.719624	0.077828	352.201263
765	-19.890055	0.080597	402.515717
766	-20.678167	0.082423	150.943390
767	-20.545120	0.080973	251.572327
768	-21.612055	0.063168	301.886780
769	-24.102764	0.048538	352.201263
770	-17.777023	0.104753	251.572327
771	-14.824299	0.151494	301.886780
772	-13.120325	0.187669	301.886780
773	-12.390581	0.196390	452.830170
774	-13.276084	0.176441	402.515717
775	-13.965064	0.161887	251.572327
776	-15.141747	0.143204	301.886780
777	-15.029859	0.144137	251.572327
778	-14.092835	0.157130	654.088013
779	-13.749456	0.169794	402.515717
780	-13.665237	0.177475	503.144653
781	-16.988211	0.114683	553.459106
782	-19.719110	0.079049	905.660339
783	-19.126713	0.086259	754.716980
784	-17.705233	0.103469	503.144653
785	-17.663673	0.114043	150.943390
786	-17.366013	0.115806	150.943390
787	-15.862918	0.143641	150.943390
788	-16.492655	0.134221	150.943390
789	-18.154203	0.112071	100.628929
790	-20.729685	0.082411	150.943390
791	-25.684822	0.045976	150.943390
792	-29.892485	0.028647	150.943390
793	-33.450104	0.018944	150.943390
794	-37.479538	0.011868	100.628929
795	-39.677002	0.009342	150.943390
796	-39.382740	0.009551	150.943390
797	-41.364578	0.007685	150.943390
798	-46.687134	0.004051	150.943390
799	-50.024490	0.002642	805.031433
800	-55.184338	0.001311	2163.521973
801	-57.071064	0.001043	1761.006226
802	-58.594551	0.000738	2163.521973
803	-59.390549	0.000664	2515.723145
804	-57.990467	0.000880	2616.352051
805	-57.763004	0.000913	2213.836426
806	-59.044132	0.000707	2415.094238
807	-56.356052	0.001088	1811.320679
808	-58.114235	0.000853	2314.465332
809	-59.746815	0.000627	1710.691772
810	-58.677551	0.000788	2968.553467
811	-57.840183	0.000955	2716.981201
812	-55.982933	0.001239	1861.635132
813	-55.877426	0.001284	1610.062866
814	-55.901886	0.001263	1559.748413
815	-57.840107	0.000933	3119.496826
816	-57.683243	0.000935	3069.182373
817	-59.509163	0.000697	3270.440186
818	-50.590752	0.001900	2918.239014
819	-55.614094	0.001297	3823.899414
820	-54.792366	0.001377	3119.496826
821	-57.660526	0.000912	2968.553467
822	-56.279423	0.001161	3471.697998
823	-39.049377	0.007061	1911.949707
824	-23.905901	0.054109	1006.289307
825	-29.740089	0.027156	855.345886
826	-17.083534	0.080045	1408.805054
827	-14.074107	0.153822	1308.176025
828	-15.037825	0.143347	805.031433
829	-12.209298	0.188137	1157.232666
830	-11.033567	0.233403	1006.289307
831	-9.408466	0.271392	654.088013
832	-8.712089	0.308393	704.402527
833	-8.426030	0.307520	452.830170
834	-8.914598	0.293653	805.031433
835	-9.308692	0.261913	553.459106
836	-11.684662	0.201311	553.459106
837	-16.368561	0.106216	1106.918213
838	-18.406021	0.091746	1308.176025
839	-20.666096	0.070828	1861.635132
840	-19.829880	0.081057	2767.295654
841	-17.242207	0.102670	3823.899414
842	-12.915826	0.159072	3622.641357
843	-17.844145	0.101461	3119.496826
844	-18.822165	0.087189	1157.232666
845	-20.753784	0.071308	1157.232666
846	-24.334570	0.044058	1559.748413
847	-23.652105	0.049178	754.716980
848	-24.715490	0.043276	955.974854
849	-24.959742	0.045349	503.144653
850	-27.286562	0.031283	1459.119507
851	-25.950054	0.040879	553.459106
852	-13.732572	0.167120	452.830170
853	-10.017912	0.269680	301.886780
854	-10.244382	0.260887	301.886780
855	-9.017893	0.292312	452.830170
856	-8.561167	0.313718	452.830170
857	-9.057306	0.295893	452.830170
858	-10.597818	0.250951	352.201263
859	-10.499343	0.252368	352.201263
860	-10.851884	0.247295	301.886780
861	-14.755087	0.145985	352.201263
862	-14.840868	0.150748	150.943390
863	-13.909561	0.174798	251.572327
864	-15.572612	0.137941	201.257858
865	-14.364051	0.155657	654.088013
866	-14.945996	0.143138	603.773560
867	-14.459623	0.157381	553.459106
868	-14.422930	0.154975	251.572327
869	-14.600335	0.159303	201.257858
870	-14.253558	0.157329	603.773560
871	-13.028171	0.186367	905.660339
872	-12.321655	0.192524	654.088013
873	-12.550719	0.183675	805.031433
874	-12.559311	0.195176	905.660339
875	-12.923101	0.183845	1257.861572
876	-13.190304	0.174797	855.345886
877	-14.153967	0.161355	704.402527
878	-12.933281	0.191006	251.572327
879	-15.714314	0.134894	654.088013
880	-14.422713	0.145769	553.459106
881	-13.912534	0.167363	301.886780
882	-14.062584	0.171341	100.628929
883	-13.445159	0.179062	201.257858
884	-16.333263	0.135651	150.943390
885	-18.412708	0.091949	251.572327
886	-22.138792	0.061222	905.660339
887	-25.681053	0.040683	2314.465332
888	-23.943907	0.048764	1911.949707
889	-25.706451	0.041086	2113.207520
890	-19.885519	0.083155	855.345886
891	-20.966232	0.074917	452.830170
892	-14.613573	0.147061	402.515717
893	-17.693113	0.102902	704.402527
894	-26.224306	0.039802	352.201263
895	-16.871367	0.106886	301.886780
896	-15.864004	0.124559	553.459106
897	-26.511318	0.037684	452.830170
898	-29.348091	0.028156	452.830170
899	-32.538517	0.018484	654.088013
900	-36.609318	0.012552	352.201263
901	-37.819069	0.010979	402.515717
902	-40.935970	0.006959	402.515717
903	-49.546043	0.002351	2415.094238
904	-51.423458	0.002106	1509.433960
905	-51.765556	0.001895	2264.150879
906	-53.568008	0.001544	2515.723145
907	-54.779133	0.001216	2918.239014
908	-53.813221	0.001517	2264.150879
909	-52.948517	0.001747	2515.723145
910	-58.913395	0.000551	3169.811279
911	-54.007904	0.001452	2213.836426
912	-56.712353	0.000901	3018.867920
913	-54.203835	0.001427	1811.320679
914	-53.990566	0.001466	2062.893066
915	-52.844543	0.001761	2666.666504
916	-53.271332	0.001703	1710.691772
917	-51.868511	0.002003	1509.433960
918	-56.617584	0.000933	4729.559570
919	-55.739288	0.001061	3371.069092
920	-52.716690	0.001715	1911.949707
921	-54.761452	0.001150	2213.836426
922	-52.370758	0.001806	1610.062866
923	-52.998810	0.001591	2113.207520
924	-53.355232	0.001425	2415.094238
925	-53.515343	0.001423	3572.326904
926	-50.701965	0.002127	1710.691772
927	-51.059055	0.002079	1559.748413
928	-53.735596	0.001271	4075.471680
929	-52.836304	0.001549	3823.899414
930	-53.446476	0.001370	3924.528320
931	-52.053257	0.001740	2515.723145
932	-49.656368	0.002589	2264.150879
933	-52.477985	0.001443	2666.666504
934	-52.564255	0.001621	3119.496826
935	-52.575897	0.001569	2716.981201
936	-50.838860	0.002169	1911.949707
937	-51.631603	0.001919	2867.924561
938	-51.146877	0.001974	1106.918213
939	-52.723782	0.001597	3522.012451
940	-51.408131	0.001983	2616.352051
941	-53.209110	0.001373	2867.924561
942	-51.711086	0.001924	2415.094238
943	-53.179893	0.001403	2817.610107
944	-54.893322	0.001011	3069.182373
945	-53.995399	0.001183	4025.157227
946	-53.181892	0.001353	2314.465332
947	-51.880924	0.001847	3069.182373
948	-51.091564	0.002081	2364.779785
949	-50.770481	0.002192	2767.295654
950	-51.302044	0.002081	2616.352051
951	-52.847076	0.001485	3371.069092
952	-51.741863	0.001753	2616.352051
953	-50.280766	0.002451	2415.094238
954	-51.667259	0.001877	1962.264160
955	-52.488396	0.001639	3069.182373
956	-52.722820	0.001546	3220.125732
957	-53.080830	0.001417	2968.553467
958	-53.252762	0.001379	3220.125732
959	-49.094822	0.002848	1962.264160
960	-53.047535	0.001424	2918.239014
961	-52.354061	0.001737	3069.182373
962	-40.332108	0.004558	3723.270264
963	-36.194111	0.009839	6339.622559
964	-39.983513	0.006663	6238.993652
965	-48.392452	0.003099	4779.874023
966	-49.614517	0.002618	4377.358398
967	-52.711536	0.001706	4477.987305
968	-52.831329	0.001594	3119.496826
969	-52.798424	0.001506	2918.239014
970	-53.937229	0.001247	3572.326904
971	-52.840332	0.001491	2867.924561
972	-50.985058	0.002151	2264.150879
973	-50.794487	0.002191	2716.981201
974	-53.099518	0.001451	3572.326904
975	-52.299461	0.001632	3572.326904
976	-51.738026	0.001905	2314.465332
977	-53.828663	0.001261	3773.584961
978	-53.405422	0.001340	3471.697998
979	-53.625031	0.001278	3069.182373
980	-51.335575	0.001949	2616.352051
981	-50.596401	0.002080	1459.119507
982	-50.866512	0.002223	1559.748413
983	-50.885651	0.002050	2716.981201
984	-51.043060	0.002072	2716.981201
985	-51.899925	0.001821	2515.723145
986	-50.921619	0.002151	1761.006226
987	-50.942879	0.002001	2264.150879
988	-51.637608	0.001732	2566.037598
989	-52.210579	0.001593	2062.893066
990	-51.128700	0.001939	2264.150879
991	-52.906666	0.001527	3018.867920
992	-51.933796	0.001699	3974.842773
993	-53.920383	0.001256	4729.559570
994	-50.805874	0.001992	2716.981201
995	-50.607281	0.002280	1459.119507
996	-52.017082	0.001746	3320.754639
997	-53.959721	0.001215	3672.955811
998	-52.276146	0.001714	3823.899414
999	-51.304245	0.002106	3119.496826
1000	-51.237720	0.001888	2867.924561
1001	-53.107582	0.001426	2867.924561
1002	-52.146790	0.001675	1559.748413
1003	-52.757431	0.001567	2867.924561
1004	-50.097420	0.002283	2213.836426
1005	-27.916929	0.032955	503.144653
1006	-26.660883	0.033575	301.886780
1007	-13.618596	0.158668	704.402527
1008	-15.334960	0.141942	402.515717
1009	-11.648195	0.192043	754.716980
1010	-10.579752	0.246025	754.716980
1011	-11.030960	0.212047	1006.289307
1012	-13.419895	0.176573	754.716980
1013	-20.344110	0.078298	1056.603760
1014	-22.149525	0.062263	1610.062866
1015	-25.641430	0.040393	2012.578613
1016	-30.688496	0.023436	1861.635132
1017	-31.919422	0.020932	1610.062866
1018	-33.953411	0.016261	2867.924561
1019	-26.917812	0.033920	3320.754639
1020	-24.108849	0.050071	2767.295654
1021	-25.676189	0.041064	2113.207520
1022	-23.987692	0.048256	855.345886
1023	-12.396310	0.186781	654.088013
1024	-7.786151	0.326891	553.459106
1025	-8.372595	0.284983	754.716980
1026	-9.003999	0.277317	654.088013
1027	-9.436977	0.265270	654.088013
1028	-10.684102	0.224314	754.716980
1029	-13.360824	0.172963	754.716980
1030	-15.913670	0.132659	654.088013
1031	-16.398375	0.130067	452.830170
1032	-18.118868	0.107251	402.515717
1033	-20.729053	0.075031	452.830170
1034	-22.782618	0.057269	352.201263
1035	-22.874168	0.058067	150.943390
1036	-21.430857	0.063417	201.257858
1037	-21.892242	0.063266	251.572327
1038	-21.429020	0.067986	251.572327
1039	-21.732107	0.069664	150.943390
1040	-23.926727	0.054537	201.257858
1041	-22.592171	0.062674	150.943390
1042	-23.043966	0.055650	150.943390
1043	-25.158302	0.048802	100.628929
1044	-30.135359	0.027877	150.943390
1045	-35.093998	0.014486	201.257858
1046	-39.420712	0.009270	100.628929
1047	-40.464542	0.008334	150.943390
1048	-46.275860	0.004224	201.257858
1049	-50.154388	0.002599	452.830170
1050	-46.250126	0.003436	1509.433960
1051	-25.786982	0.040021	2364.779785
1052	-20.160112	0.078392	352.201263
1053	-13.936874	0.169158	553.459106
1054	-13.155507	0.191204	654.088013
1055	-13.988573	0.173333	704.402527
1056	-13.417071	0.185323	503.144653
1057	-13.789668	0.176985	553.459106
1058	-17.473984	0.111261	704.402527
1059	-17.007975	0.115767	603.773560
1060	-18.820679	0.095298	402.515717
1061	-21.446329	0.068667	402.515717
1062	-23.062765	0.054670	503.144653
1063	-23.050276	0.050954	402.515717
1064	-23.858089	0.049638	251.572327
1065	-30.464651	0.023276	301.886780
1066	-21.843502	0.065769	150.943390
1067	-29.029919	0.030554	201.257858
1068	-27.450779	0.037129	150.943390
1069	-25.755037	0.045806	100.628929
1070	-27.294128	0.039745	150.943390
1071	-30.047907	0.026809	402.515717
1072	-31.453043	0.021791	2012.578613
1073	-21.148483	0.068694	4377.358398
1074	-24.482224	0.044465	5081.760742
1075	-13.305024	0.183023	3421.383545
1076	-14.639607	0.156485	3371.069092
1077	-12.403480	0.207933	3371.069092
1078	-14.206557	0.160801	3270.440186
1079	-17.371515	0.111241	3270.440186
1080	-16.778769	0.123566	3119.496826
1081	-24.643791	0.050193	3220.125732
1082	-29.385124	0.027417	3672.955811
1083	-36.968151	0.011741	3723.270264
1084	-36.392704	0.012888	3320.754639
1085	-42.437065	0.005963	3572.326904
1086	-44.459072	0.004622	3723.270264
1087	-48.754993	0.002884	3069.182373
1088	-51.174820	0.002186	3220.125732
1089	-51.853054	0.002110	3220.125732
1090	-52.110275	0.002024	2867.924561
1091	-53.389545	0.001745	2918.239014
1092	-55.418919	0.001358	3069.182373
1093	-56.420219	0.001194	2616.352051
1094	-56.973606	0.001039	2968.553467
1095	-56.423756	0.001161	3018.867920
1096	-57.190163	0.001026	2918.239014
1097	-58.521729	0.000848	3119.496826
1098	-56.840862	0.001114	2415.094238
1099	-57.436779	0.000986	2867.924561
1100	-55.163921	0.001403	2867.924561
1101	-57.301945	0.000974	2566.037598
1102	-58.957134	0.000746	3371.069092
1103	-59.148758	0.000656	1911.949707
1104	-56.078465	0.001193	1610.062866
1105	-56.876244	0.001049	1710.691772
1106	-55.995190	0.001118	2666.666504
1107	-51.800186	0.001881	2213.836426
1108	-30.675856	0.022491	754.716980
1109	-13.358641	0.153126	654.088013
1110	-16.043221	0.117761	1106.918213
1111	-18.497602	0.086840	1056.603760
1112	-20.271730	0.077079	805.031433
1113	-21.155180	0.075495	402.515717
1114	-24.782248	0.046946	1610.062866
1115	-17.191532	0.105720	4779.874023
1116	-15.012995	0.138040	5383.647949
1117	-11.548325	0.216383	5786.163574
1118	-11.887711	0.196375	5484.276855
1119	-13.078325	0.181635	5132.075195
1120	-14.478455	0.151664	5081.760742
1121	-20.523735	0.075193	4930.817383
1122	-24.461180	0.045017	4327.043945
1123	-28.932930	0.029842	4276.729492
1124	-28.167521	0.031972	2566.037598
1125	-16.469969	0.118300	905.660339
1126	-10.187119	0.249168	301.886780
1127	-9.011857	0.285975	402.515717
1128	-9.388026	0.270630	503.144653
1129	-11.384413	0.219014	402.515717
1130	-12.609475	0.194002	352.201263
1131	-12.714028	0.181306	301.886780
1132	-11.903725	0.204894	402.515717
1133	-11.448684	0.212894	553.459106
1134	-10.496375	0.261350	452.830170
1135	-7.371925	0.360092	603.773560
1136	-9.597216	0.279159	603.773560
1137	-11.428653	0.214433	704.402527
1138	-11.270149	0.216982	1106.918213
1139	-11.054058	0.229635	704.402527
1140	-10.654094	0.236848	553.459106
1141	-10.820649	0.247277	603.773560
1142	-13.386326	0.183551	805.031433
1143	-17.018717	0.116847	654.088013
1144	-16.674215	0.118660	855.345886
1145	-16.945164	0.121706	654.088013
1146	-16.186516	0.127870	654.088013
1147	-15.419965	0.147971	754.716980
1148	-12.692140	0.186974	1106.918213
1149	-10.988950	0.241728	553.459106
1150	-12.599055	0.201505	553.459106
1151	-13.948277	0.175597	704.402527
1152	-15.766580	0.137101	704.402527
1153	-16.838631	0.124350	905.660339
1154	-14.357683	0.156112	1056.603760
1155	-17.337475	0.106920	1006.289307
1156	-22.367615	0.056503	1358.490601
1157	-26.165134	0.038526	704.402527
1158	-30.305801	0.025775	654.088013
1159	-29.795624	0.024928	754.716980
1160	-32.082058	0.020776	553.459106
1161	-35.398907	0.014043	503.144653
1162	-44.253841	0.005223	855.345886
1163	-44.018848	0.005120	754.716980
1164	-54.220402	0.001366	1811.320679
1165	-54.602169	0.001404	2465.408691
1166	-57.348671	0.000898	3773.584961
1167	-55.647461	0.001178	2364.779785
1168	-40.851730	0.006049	3622.641357
1169	-31.015764	0.021620	1509.433960
1170	-36.565327	0.012328	955.974854
1171	-45.280300	0.004261	2666.666504
1172	-50.901226	0.002173	3320.754639
1173	-54.362747	0.001497	3522.012451
1174	-54.348591	0.001340	2213.836426
1175	-55.284702	0.001174	3270.440186
1176	-51.422771	0.002073	1811.320679
1177	-53.697300	0.001522	1408.805054
1178	-54.328560	0.001324	2666.666504
1179	-52.995373	0.001731	1761.006226
1180	-53.121731	0.001588	2666.666504
1181	-54.338680	0.001326	3220.125732
1182	-54.146641	0.001416	3119.496826
1183	-56.014656	0.001011	2616.352051
1184	-56.814632	0.000847	2566.037598
1185	-54.018856	0.001503	2515.723145
1186	-52.229912	0.002053	1157.232666
1187	-54.012844	0.001386	3069.182373
1188	-52.436440	0.001883	1610.062866
1189	-53.927807	0.001479	2314.465332
1190	-55.566372	0.001082	3270.440186
1191	-52.840439	0.001736	1710.691772
1192	-54.701969	0.001360	3119.496826
1193	-54.099560	0.001455	2264.150879
1194	-55.253345	0.001150	3823.899414
1195	-53.619457	0.001404	2515.723145
1196	-55.296162	0.001060	1710.691772
1197	-55.047115	0.001100	2666.666504
1198	-55.299767	0.001128	2012.578613
1199	-55.917439	0.001035	3471.697998
1200	-55.528496	0.001066	2817.610107
1201	-52.984699	0.001673	2465.408691
1202	-56.237736	0.000847	3119.496826
1203	-53.215736	0.001535	2817.610107
1204	-51.652065	0.001930	2213.836426
1205	-52.836540	0.001342	3371.069092
1206	-51.401260	0.001826	1811.320679
1207	-52.826347	0.001469	2364.779785
1208	-53.469479	0.001352	3471.697998
1209	-51.386951	0.002026	1761.006226
1210	-51.912601	0.001849	2314.465332
1211	-51.844551	0.001942	3371.069092
1212	-51.060314	0.001933	2213.836426
1213	-53.455589	0.001423	3169.811279
1214	-53.485657	0.001391	3421.383545
1215	-51.574978	0.001922	3169.811279
1216	-54.966316	0.000994	1861.635132
1217	-54.022312	0.001244	3371.069092
1218	-51.419815	0.001963	2314.465332
1219	-54.125694	0.001154	2163.521973
1220	-51.351128	0.002058	2666.666504
1221	-52.254864	0.001690	2113.207520
1222	-51.615757	0.001818	2767.295654
1223	-53.291321	0.001367	2767.295654
1224	-52.111111	0.001609	1509.433960
1225	-50.135895	0.002636	2012.578613
1226	-54.195950	0.001131	1660.377319
1227	-49.162712	0.002640	1459.119507
1228	-51.138714	0.002089	2113.207520
1229	-53.319069	0.001385	3220.125732
1230	-52.446136	0.001624	2364.779785
1231	-52.107883	0.001735	2867.924561
1232	-53.100822	0.001433	2616.352051
1233	-49.982159	0.002538	1459.119507
1234	-53.136787	0.001402	2616.352051
1235	-52.266979	0.001578	3069.182373
1236	-50.624310	0.002266	2415.094238
1237	-51.829498	0.001899	2163.521973
1238	-52.398235	0.001632	2314.465332
1239	-52.335991	0.001695	3220.125732
1240	-53.303642	0.001427	3924.528320
1241	-52.231602	0.001646	2867.924561
1242	-50.860439	0.002189	2012.578613
1243	-51.531517	0.001842	2465.408691
1244	-53.118664	0.001462	3823.899414
1245	-52.413170	0.001629	3018.867920
1246	-52.629345	0.001556	4025.157227
1247	-52.815224	0.001436	2616.352051
1248	-49.391960	0.002587	2012.578613
1249	-50.590309	0.002277	1962.264160
1250	-49.672874	0.002031	3119.496826
1251	-47.307049	0.003405	1610.062866
1252	-49.988194	0.002366	1761.006226
1253	-48.596725	0.003172	1257.861572
1254	-40.934425	0.007047	553.459106
1255	-35.541759	0.015193	150.943390
1256	-43.914642	0.005175	955.974854
1257	-42.596931	0.006700	352.201263
1258	-47.459282	0.003558	553.459106
1259	-47.200111	0.003801	352.201263
1260	-49.773743	0.002560	1308.176025
1261	-51.562111	0.001835	2616.352051
1262	-50.051449	0.002210	1358.490601
1263	-51.294567	0.002043	2767.295654
1264	-52.199436	0.001744	2817.610107
1265	-54.397064	0.001243	3823.899414
1266	-51.317982	0.001942	2716.981201
1267	-52.213615	0.001734	2314.465332
1268	-53.502285	0.001360	3874.213867
1269	-51.358467	0.002008	2767.295654
1270	-51.369804	0.002055	2364.779785
1271	-51.023487	0.001995	1408.805054
1272	-50.906052	0.002278	2415.094238
1273	-51.339600	0.001974	1861.635132
1274	-52.737164	0.001530	2566.037598
1275	-52.106014	0.001780	1962.264160
1276	-52.206078	0.001720	2767.295654
1277	-50.755478	0.002380	2213.836426
1278	-50.185665	0.002313	2113.207520
1279	-54.901520	0.000989	2716.981201
1280	-51.421757	0.001865	2163.521973
